n = 3.03300685974
sigma = 1.01279900387
