n_near = 2.834825970385064
sigma_near = 1.6413657243075241
n_far = 3.119257568836593
sigma_far = 1.3182495044548725
